103
106
113
114
105
114
107
113
114
109
115
113
116
119
122
127
133
141
147
154
157
163
165
170
175
176
181
190
196
204
207
205
200
201
204
209
217
219
227
230
234
240
243
244
253
262
265
264
258
259
263
270
271
277
272
281
290
297
290
296
302
296
294
295
296
293
296
292
287
285
286
292
283
282
288
296
304
310
318
316
322
329
337
328
324
333
342
337
344
345
348
355
360
362
359
367
368
359
367
360
369
376
385
391
396
398
406
401
398
401
395
403
408
401
404
400
404
403
396
400
405
414
415
419
428
424
425
434
440
447
455
461
456
447
453
456
463
466
467
475
482
479
480
483
489
493
501
502
500
507
515
524
532
533
538
545
551
554
560
567
572
574
582
590
599
597
602
606
605
614
621
628
630
637
642
647
652
650
643
642
645
646
653
655
657
666
660
668
677
683
687
689
695
699
695
696
700
704
703
698
703
696
700
696
698
704
696
703
704
705
696
703
711
719
727
736
744
738
745
750
758
764
765
759
761
770
773
777
784
779
776
771
778
787
781
788
792
793
794
802
808
813
816
821
820
825
832
839
846
850
859
866
871
879
883
888
890
897
900
904
913
920
927
920
912
921
925
921
922
929
938
945
950
952
951
944
936
944
953
960
961
956
962
965
956
951
947
950
956
961
968
966
970
973
976
981
990
993
1000
1002
1010
1009
1012
1020
1015
1017
1018
1026
1033
1042
1034
1032
1033
1027
1034
1041
1035
1039
1046
1054
1056
1062
1063
1071
1078
1086
1084
1085
1091
1094
1097
1099
1092
1098
1106
1115
1124
1127
1136
1141
1148
1153
1159
1161
1170
1175
1184
1189
1184
1182
1183
1189
1195
1203
1202
1203
1208
1213
1216
1218
1209
1205
1210
1217
1219
1226
1231
1225
1231
1232
1239
1242
1248
1253
1256
1265
1274
1279
1278
1281
1289
1296
1299
1300
1307
1316
1325
1331
1335
1342
1344
1350
1342
1343
1351
1358
1360
1368
1376
1373
1368
1376
1377
1382
1389
1396
1403
1406
1411
1415
1409
1418
1422
1423
1425
1427
1434
1438
1442
1440
1447
1453
1458
1467
1475
1477
1485
1486
1480
1486
1492
1493
1502
1503
1504
1509
1514
1520
1521
1523
1522
1525
1528
1532
1524
1527
1529
1530
1535
1543
1547
1551
1558
1565
1572
1581
1588
1585
1586
1593
1594
1603
1605
1614
1621
1625
1621
1620
1627
1626
1622
1615
1621
1626
1631
1628
1633
1642
1651
1660
1667
1660
1665
1667
1671
1678
1680
1683
1692
1691
1687
1695
1697
1703
1712
1715
1722
1727
1732
1735
1744
1743
1749
1758
1767
1773
1769
1771
1772
1768
1772
1775
1783
1781
1788
1792
1801
1802
1808
1814
1817
1823
1832
1823
1829
1837
1833
1831
1832
1833
1841
1842
1851
1860
1867
1872
1877
1883
1886
1894
1900
1907
1914
1907
1902
1907
1912
1911
1912
1920
1919
1926
1933
1937
1933
1942
1945
1946
1948
1952
1946
1952
1955
1952
1949
1954
1957
1965
1969
1977
1982
1974
1976
1977
1984
1988
1990
1996
1997
1998
2000
1992
1988
1994
2002
2010
2016
2011
2015
2019
2027
2030
2036
2037
2045
2051
2059
2068
2069
2067
2059
2056
2065
2071
2074
2072
2077
2078
2086
2093
2094
2098
2103
2105
2113
2122
2129
2134
2138
2147
2143
2136
2145
2147
2144
2135
2139
2140
2141
2144
2149
2148
2149
2158
2165
2169
2162
2161
2162
2171
2169
2171
2176
2179
2187
2192
2183
2186
2183
2186
2187
2196
2204
2209
2218
2222
2223
2226
2222
2226
2231
2239
2248
2240
2244
2236
2243
2238
2239
2241
2244
2242
2234
2240
2241
2237
2244
2246
2251
2246
2252
2253
2250
2252
2255
2253
2259
2257
2265
2259
2266
2275
2281
2286
2288
2281
2287
2280
2282
2281
2283
2292
2289
2292
2295
2301
2310
2304
2297
2304
2311
2306
2309
2304
2309
2310
2316
2320
2323
2325
2327
2318
2321
2329
2338
2340
2335
2343
2349
2351
2355
2351
2355
2362
2360
2365
2371
2379
2387
2388
2393
2402
2403
2412
2407
2416
2408
2406
2409
2401
2410
2401
2403
2394
2403
2412
2416
2418
2420
2421
2424
2431
2439
2440
2441
2445
2446
2442
2448
2446
2453
2457
2466
2473
2479
2480
2474
2469
2470
2464
2461
2462
2465
2463
2472
2475
2483
2485
2481
2478
2485
2486
2487
2496
2499
2506
2512
2515
2519
2527
2533
2536
2540
2546
2548
2554
2556
2550
2556
2560
2557
2565
2562
2568
2570
2572
2576
2582
2580
2589
2591
2594
2600
2608
2617
2619
2616
2618
2620
2626
2631
2637
2638
2646
2638
2646
2652
2657
2662
2663
2672
2675
2679
2670
2678
2679
2687
2695
2694
2700
2707
2706
2701
2705
2708
2714
2722
2731
2733
2738
2739
2746
2748
2749
2757
2748
2755
2749
2756
2760
2761
2768
2774
2780
2773
2779
2780
2782
2788
2790
2795
2789
2791
2788
2796
2803
2812
2813
2819
2810
2804
2811
2818
2821
2830
2836
2842
2846
2847
2855
2858
2863
2864
2873
2867
2863
2869
2877
2883
2886
2895
2900
2903
2910
2914
2922
2917
2924
2925
2932
2936
2937
2928
2935
2939
2943
2948
2954
2962
2955
2962
2967
2976
2984
2992
2990
2991
2997
3003
3011
3010
3009
3011
3006
3001
3006
3001
2994
2985
2981
2983
2990
2996
2999
3004
2998
2999
3006
3008
3011
3020
3013
3016
3023
3030
3034
3035
3032
3035
3041
3043
3050
3041
3047
3049
3043
3036
3041
3048
3047
3053
3059
3067
3065
3071
3072
3080
3085
3088
3084
3087
3089
3097
3101
3104
3109
3108
3114
3123
3130
3134
3136
3143
3145
3152
3155
3153
3156
3165
3168
3173
3169
3163
3164
3173
3179
3175
3178
3183
3186
3194
3202
3206
3207
3208
3209
3207
3211
3220
3224
3227
3218
3224
3231
3240
3245
3247
3248
3257
3265
3267
3260
3262
3266
3272
3274
3276
3275
3279
3285
3294
3301
3310
3316
3319
3315
3312
3315
3319
3321
3329
3331
3340
3341
3349
3353
3358
3350
3353
3356
3350
3347
3355
3359
3358
3361
3355
3353
3348
3345
3351
3354
3348
3356
3348
3356
3357
3362
3361
3365
3369
3366
3362
3368
3371
3378
3383
3382
3381
3385
3392
3398
3404
3396
3391
3397
3404
3413
3412
3410
3416
3422
3426
3431
3437
3446
3440
3443
3448
3450
3457
3462
3469
3475
3477
3482
3484
3492
3487
3488
3491
3495
3497
3502
3510
3514
3522
3524
3530
3538
3531
3534
3543
3548
3551
3549
3552
3551
3558
3562
3568
3569
3578
3583
3591
3594
3597
3602
3606
3597
3601
3605
3608
3617
3625
3632
3635
3642
3643
3649
3655
3654
3645
3646
3655
3656
3665
3672
3681
3688
3679
3685
3690
3685
3690
3695
3702
3708
3706
3713
3719
3723
3720
3728
3730
3738
3746
3752
3754
3761
3770
3775
3774
3780
3783
3789
3793
3799
3803
3806
3813
3819
3823
3829
3826
3830
3839
3835
3842
3848
3854
3862
3865
3872
3865
3867
3872
3876
3880
3884
3887
3889
3895
3899
3905
3906
3914
3917
3923
3922
3915
3916
3917
3925
3930
3933
3931
3937
3939
3948
3956
3965
3967
3971
3963
3968
3976
3971
3967
3971
3964
3973
3979
3978
3985
3988
3995
3997
3995
3997
4004
4011
4012
4016
4024
4022
4017
4016
4024
4033
4038
4043
4048
4056
4064
4071
4066
4073
4067
4076
4085
4086
4091
4096
4103
4110
4112
4120
4124
4130
4131
4137
4128
4136
4145
4150
4152
4154
4162
4158
4152
4160
4162
4163
4164
4171
4180
4184
4191
4198
4197
4204
4213
4222
4229
4231
4236
4239
4236
4245
4247
4249
4250
4254
4248
4250
4252
4258
4266
4267
4275
4279
4287
4295
4299
4295
4296
4292
4298
4301
4303
4305
4307
4316
4323
4327
4335
4344
4348
4355
4356
4365
4358
4353
4361
4367
4373
4376
4377
4373
4372
4366
4373
4376
4369
4366
4367
4373
4374
4382
4391
4394
4389
4393
4400
4404
4397
4406
4408
4404
4411
4415
4424
4425
4428
4433
4438
4432
4433
4432
4440
4435
4442
4444
4453
4455
4462
4471
4466
4473
4471
4476
4468
4477
4481
4485
4487
4478
4479
4485
4488
4484
4486
4492
4495
4498
4506
4510
4516
4524
4519
4521
4525
4532
4537
4540
4545
4546
4549
4540
4542
4546
4555
4561
4570
4576
4577
4581
4578
4586
4595
4601
4609
4600
4599
4607
4610
4619
4621
4622
4618
4620
4615
4622
4624
4627
4632
4638
4645
4649
4658
4663
4667
4675
4681
4677
4681
4688
4693
4691
4699
4701
4696
4699
4702
4699
4692
4696
4703
4709
4710
4719
4710
4706
4707
4708
4710
4713
4704
4713
4719
4724
4726
4722
4730
4725
4733
4742
4743
4752
4756
4760
4768
4774
4783
4792
4800
4792
4794
4797
4805
4806
4804
4808
4816
4817
4809
4811
4818
4826
4833
4829
4830
4832
4828
4829
4824
4825
4817
4818
4814
4822
4816
4820
4827
4831
4838
4832
4838
4833
4842
4843
4844
4851
4855
4860
4865
4874
4880
4882
4886
4887
4893
4885
4894
4896
4898
4903
4912
4921
4922
4926
4930
4923
4928
4934
4942
4949
4941
4947
4955
4946
4953
4955
4959
4964
4969
4973
4967
4976
4977
4984
4986
4983
4990
4984
4985
4991
4993
4985
4984
4991
5000
5008
5010
5016
5010
5018
5022
5027
5030
5034
5041
5036
5030
5027
5019
5021
5016
5017
5023
5026
5035
5043
5039
5046
5050
5054
5057
5053
5052
5058
5059
5060
5065
5059
5058
5050
5054
5055
5058
5060
5068
5071
5074
5075
5077
5082
5083
5084
5085
5087
5096
5087
5092
5089
5097
5101
5100
5106
5109
5110
5113
5109
5118
5127
5129
5123
5127
5136
5144
5140
5147
5148
5154
5160
5152
5157
5155
5164
5173
5171
5179
5184
5189
5194
5199
5202
5210
5217
5213
5222
5219
5225
5229
5233
5242
5248
5253
5256
5253
5259
5251
5260
5265
5266
5273
5272
5280
5274
5282
5287
5291
5294
5297
5293
5295
5296
5298
5304
5305
5313
5316
5319
5322
5330
5337
5342
5350
5356
5351
5357
5355
5354
5363
5364
5368
5374
5371
5377
5381
5376
5377
5385
5392
5398
5401
5393
5400
5403
5409
5401
5398
5393
5397
5388
5397
5399
5405
5409
5417
5424
5425
5430
5433
5440
5444
5435
5432
5431
5433
5440
5442
5450
5457
5463
5457
5463
5468
5470
5471
5472
5476
5479
5485
5478
5482
5476
5483
5487
5488
5497
5502
5504
5507
5516
5512
5518
5525
5531
5534
5543
5545
5552
5554
5556
5552
5553
5550
5555
5563
5562
5564
5557
5559
5551
5553
5560
5568
5577
5568
5570
5576
5584
5581
5589
5593
5602
5609
5616
5623
5628
5627
5632
5637
5628
5630
5633
5639
5646
5637
5646
5655
5656
5661
5664
5669
5677
5681
5682
5686
5691
5682
5687
5690
5688
5682
5687
5696
5704
5711
5712
5721
5726
5725
5724
5731
5726
5735
5743
5745
5744
5743
5736
5740
5743
5752
5755
5761
5766
5772
5779
5781
5788
5787
5788
5790
5795
5799
5800
5805
5813
5818
5826
5833
5842
5839
5844
5843
5846
5841
5840
5842
5839
5845
5852
5855
5846
5841
5846
5849
5857
5862
5869
5872
5875
5874
5882
5885
5892
5900
5908
5912
5918
5922
5927
5929
5935
5943
5952
5955
5950
5954
5955
5952
5956
5950
5954
5955
5957
5964
5962
5968
5977
5981
5985
5984
5988
5983
5992
5995
6003
5999
6007
6013
6015
6018
6020
6024
6031
6038
6047
6054
6057
6061
6062
6069
6072
6078
6081
6090
6087
6083
6084
6086
6079
6083
6084
6091
6098
6101
6107
6114
6122
6127
6125
6134
6132
6141
6146
6154
6160
6168
6166
6169
6162
6166
6174
6165
6171
